300 100 350 370 370 180 260 440 470 470 480 490 380 560 
1050
100 240 110 320 190 410 200 120 360 330 390 430 470 500 
970
150 530 460 410 520 200 240 330 330 260 430 470 460 490 
1050
80 500 240 490 110 520 430 240 370 350 260 340 280 350 
1020
530 340 370 380 50 130 310 80 220 350 500 460 450 390 
1030
420 180 200 20 320 280 210 340 280 310 480 440 430 490 
970
570 120 60 180 10 370 270 280 390 380 420 420 410 390 
990
180 10 60 270 230 500 420 350 370 350 440 480 530 520 
1050
340 260 360 200 40 180 200 180 410 110 480 510 520 530 
1050
60 430 200 370 380 410 400 300 300 270 330 430 440 460 
900
410 100 330 140 70 270 290 380 430 410 310 290 440 450 
890
230 230 280 380 80 250 320 430 440 540 360 520 450 550 
1090
250 60 60 200 300 360 250 150 250 180 300 420 420 440 
860
10 400 360 180 200 260 210 40 280 530 480 450 500 520 
1050
210 410 30 230 60 70 200 110 90 220 230 260 310 420 
830
100 190 210 470 370 140 330 520 400 220 490 350 470 420 
1010
310 190 150 40 360 130 130 330 400 320 340 360 420 370 
820
140 230 210 200 260 260 470 380 430 350 310 330 420 480 
950
370 520 280 190 240 250 190 180 70 40 70 590 420 460 
1110
450 230 90 450 110 390 160 150 320 360 470 520 470 530 
1050
130 320 480 200 190 300 270 430 280 380 280 290 360 450 
930
500 130 390 110 160 250 330 200 200 170 270 260 360 400 
900
20 430 310 370 340 70 80 260 420 420 320 510 460 540 
1050
480 50 30 350 240 240 170 200 120 190 280 390 410 510 
990
390 100 340 170 460 210 310 360 430 410 490 500 490 480 
990
20 120 350 280 230 340 330 330 250 160 290 400 410 420 
830
420 380 350 240 300 250 50 170 240 70 560 490 430 500 
1060
550 360 390 410 40 370 110 130 230 310 470 470 410 470 
1020
320 150 170 320 290 250 350 430 370 470 450 450 460 480 
950
180 200 150 390 250 300 310 280 270 390 440 480 470 430 
950
530 120 500 250 260 360 250 340 350 220 420 360 520 450 
1050
530 440 450 190 160 80 310 10 260 270 100 300 260 560 
1090
160 410 360 340 140 350 440 430 210 220 250 280 440 400 
880
40 470 310 280 270 370 150 230 380 90 320 450 410 510 
980
480 140 220 340 210 430 500 450 460 360 430 540 520 490 
1060
70 240 320 350 260 180 250 360 280 340 420 410 440 450 
890
540 290 330 40 280 50 320 120 280 190 540 380 390 550 
1090
50 420 80 360 330 220 150 150 350 360 260 430 460 440 
900
320 140 110 280 170 540 470 480 340 470 440 530 520 560 
1100
420 220 210 440 40 330 480 400 480 350 420 560 570 570 
1140
370 110 170 530 190 410 350 390 570 510 380 460 420 540 
1110
320 510 270 110 470 270 420 220 480 400 420 460 440 540 
1050
340 180 140 300 220 190 250 350 460 460 430 510 490 470 
1000
230 280 150 150 460 20 250 310 470 410 340 480 480 490 
970
510 50 190 350 290 70 190 310 420 400 370 330 430 470 
980
530 290 250 160 60 410 530 300 390 520 510 420 450 570 
1100
460 120 80 360 160 400 320 370 280 220 300 470 500 490 
990
10 540 190 220 340 120 350 450 440 370 350 260 260 380 
990
300 20 80 280 450 280 300 250 400 430 520 520 530 530 
1060
500 30 160 500 420 380 330 430 250 310 440 440 390 580 
1080
