50
14
14 30 17  0
17 30 18  0
12 50 16  0
14 40 16 40
17 20 17 40
16 50 18  0
11 40 15 50
16 30 16 40
13 10 16 20
11 10 13 10
13 10 15 20
10 40 12 20
17 50 18  0
 8 10 15 30
14
10 10 12  0
 9 50 17 50
11 20 12 50
 8 10 17 50
11 20 15 50
13  0 16 50
14 30 16 50
11 10 13  0
 9 10  9 30
 9 50 12 10
16 40 17  0
17 30 17 50
 9 40 14 20
16 30 17 10
14
10 10 13 50
 9  0 13  0
10 10 17 30
 9 20 14 40
10 40 11 20
15 10 17  0
14 20 16 20
12 30 15 40
 9  0 12 50
13 30 16  0
13 10 13 30
13 20 16 40
13  0 16  0
17 20 17 40
14
13 40 14 20
11 50 13 20
11 50 17 10
10  0 14 50
12 30 13 10
 8 40 16 10
 8 40 16  0
14 30 16 50
16  0 18  0
17 30 18  0
 9 50 16 50
 9 40 11 20
 8  0  9 30
15  0 15 50
14
 8 20 17 20
13  0 17 50
11 10 11 30
16 20 17 10
16 20 16 30
 9 20 17 40
17 20 18  0
16 40 16 50
10 30 10 50
16  0 16 30
11 50 16  0
 9 40 10 30
17 30 18  0
14  0 15  0
14
15 50 17 50
12 30 17 40
12 10 15 30
15 10 17 30
14 20 17 30
15 10 17 20
14 20 18  0
17  0 17 50
 9 10 12  0
 8 50 10 30
10 20 17 10
11 30 12 40
10 40 11 40
17 40 17 50
14
12 30 17 20
12 10 13 30
13 30 15 40
 9 20 17 30
13  0 13 50
16 30 17 30
 9 20 17 40
10 10 17 50
15 20 15 50
14 30 17 40
16 50 18  0
17 10 17 50
11  0 15 30
13 50 17 10
14
16 20 17 20
16  0 16 20
13 50 14 40
11 30 12 50
11 20 11 40
15 40 16 40
 8 40 14 40
10 40 14  0
16 40 17 20
 9 10 16 40
 8 10 10 30
14 50 16 40
12 50 13 30
10 10 11 10
14
15  0 17 40
 8  0 17 30
15 50 16 10
16 20 17 10
 9 30 15  0
10 50 16 10
14  0 15 50
 8 40 14 10
15 30 16 20
13 10 17 40
10 40 13 20
17 20 17 30
10 30 11  0
12 40 16 20
14
13 50 15 10
13 10 15 10
13 20 15 40
10 10 17 40
10 50 14 10
16 40 16 50
17  0 17 20
10 40 18  0
10 10 12 50
11 30 15 40
 9 40 14 40
11 10 12 10
 9 50 12 20
15 30 18  0
14
 9 10 17  0
14 20 16 50
10 30 13 30
17 50 18  0
10  0 16 50
14 10 14 20
15 20 17 40
10 30 13 30
16 20 17 10
13 40 16  0
14 10 16 10
 8 40 14 40
16  0 17 40
11 30 15 10
14
15 50 17 50
15 30 16 40
17 30 17 40
 9 50 17 40
12  0 18  0
10 30 13 50
11  0 15  0
15 20 16 20
15 20 16 50
16 50 17 30
14 50 16 10
 8 30 11 40
15 50 16 10
16 50 17 30
14
12 20 12 30
14 30 15 10
 8 40 18  0
 8 20 11 20
 9  0  9 10
15 20 16 20
11 50 15 50
12 40 14 40
12 40 15 40
13  0 14 30
17  0 17 40
13 10 17 30
13 40 14 10
14 20 15 20
14
10 30 11 10
15 40 16 50
16  0 16 20
16 30 17 10
14 50 16 50
 9 50 14 20
11 40 17 30
14  0 17 40
13 40 16  0
12  0 17 20
13 40 16  0
17 40 17 50
15 20 17 30
 8 50  9 40
14
12  0 17 50
13 30 17 50
10 10 18  0
12 40 14  0
10 50 13 20
13 40 16 20
17 10 17 20
 8 10 17 10
15 20 16  0
 9 10 16 50
12 40 14 40
 9 50 16 30
12 30 13 30
11 50 13  0
14
10 40 13 30
10 50 12  0
10 20 12 10
10 30 12 10
13 10 16 40
13 10 16 10
10 20 16  0
15 40 16 10
13 30 16 20
 9 40 16 20
10 10 11 40
16 50 17 40
 9 30 11 30
15 50 17 10
14
 8 10  8 30
11 20 12 10
 8 10 17 10
14 30 17 30
 8 30  9 10
13  0 13 30
12 10 15 20
10 40 16 20
 8 40 12 10
14  0 17 20
17 10 17 20
 8 10 11  0
16 20 17 50
16 10 17 40
14
10  0 15 20
16 50 17 20
 9 50 14 40
14 20 16 40
 9 10 12 40
12 30 15 10
17 30 17 50
11 30 15 40
16  0 16 30
16  0 17 30
10 30 11 40
13 50 15 20
16 20 17 20
15 20 15 40
14
15  0 16  0
 8 50  9 20
15  0 16 40
 8  0 16  0
17 10 17 30
12 20 15 30
 9 40 11 10
15 30 16  0
17 50 18  0
14 20 14 50
10  0 10 20
16 10 16 20
 8  0 10 20
16 50 17 30
14
14 20 17 10
16 50 17 10
13 30 17 40
12 30 13 30
10 10 12 40
10  0 13 20
12  0 13 20
10  0 11  0
17 30 17 40
 8 40 12 40
14 30 15 40
10 10 13  0
10  0 10 10
17 10 17 40
14
16 50 17 30
11 20 13 40
16 50 17 30
14 20 15 50
15 50 17 10
 9 10 16  0
11 50 13 10
12 10 13 10
10 20 11  0
15 10 16 20
 8 20 10 50
11 10 11 40
10 30 11 10
 9  0  9 10
14
10 30 11 50
12 30 17 30
10 50 15 40
 9 20 13 20
11 10 15 10
15 10 17  0
12 20 17 30
 8 40 17 30
15  0 15 20
10 50 11 30
 8 20 14  0
16 40 17  0
 9 10 10 40
13 10 13 40
14
17 50 18  0
12 20 18  0
10  0 11 10
12 50 16 40
10 20 16 20
10 10 16 50
12 40 14 50
17 30 17 50
 9 50 17 10
 8 20 17 40
17 30 17 50
 9 30 12 40
16  0 16 30
15 40 17 20
14
16 10 17 40
16 10 17 30
14 50 16 40
14 10 16  0
12  0 16 30
12 40 15 30
14 20 16 20
15 50 17 50
10 30 15 20
 9 20 14 30
10 20 11 20
10 40 13  0
12 20 14 30
10 10 14 50
14
15 20 17 20
16  0 18  0
15 40 17  0
12 50 14 10
16 30 17  0
17  0 18  0
11 10 12  0
 9 30 17 50
16 20 17 10
 8  0 14 20
 8  0 16 20
 9 40 11 40
14 10 17 10
16 30 17 30
14
10 20 16 40
13 50 15 10
 8 30 11 40
16 10 17 30
16 30 17  0
17 40 17 50
11 10 12 30
13 20 13 40
17 40 18  0
 8 50 14 40
12 30 12 50
13 20 15  0
 9 20 16 40
14 10 17 40
14
17 50 18  0
10 10 10 40
 9 50 14 10
15 10 15 30
11 10 16 10
11 50 18  0
12 10 13 20
17 50 18  0
14  0 15  0
14 10 17 30
16 20 18  0
14 30 15 50
11 40 14 40
16  0 17 10
14
 8 30 10 40
12 10 16 30
14  0 16 20
15 20 16 30
10 10 13 10
14 40 14 50
 8  0 15 50
12 50 17 40
12 50 17 20
 9  0 16 10
10 30 15  0
 8 40 14 40
 9 20 17 10
17 10 17 20
14
14 20 17 30
 8 30 15 10
11  0 13 20
16 30 17 40
15 20 16 50
 9  0 17 40
15  0 16  0
12 20 17 30
11 10 12 50
16 40 17 30
13 50 16 10
11  0 17 50
11 20 12  0
15 50 17  0
14
16 10 16 20
14 10 16 30
 8 20 13 50
 9  0 10  0
 8 10 14 20
15 10 15 40
 9 50 14 50
 8 40 10 10
16 50 17  0
16  0 17 10
12 10 16 10
10  0 15 40
13 30 17 30
14 50 17 50
14
15 40 16 20
14 10 18  0
10 50 13 40
16 50 17 30
10 40 16 30
14 30 17 40
 8 10  8 30
14 10 16 10
14 30 17 50
11 50 17 50
 9 50 15 50
 8 20 12 50
10 30 14 30
13 20 14 40
14
15  0 15 50
13  0 14 40
 8 10 16 20
10 30 13 50
17 50 18  0
17 20 17 30
17 30 17 50
 9 10 10 50
16 10 16 20
11 10 14 10
13  0 14 50
 8 40 14 40
17 50 18  0
 8 30  9 20
14
14 50 15 30
11 10 14 50
15 40 17 50
11 30 17  0
10 10 17  0
 8 40 10 20
 9  0 15 50
11 30 14 50
 9  0 10  0
14  0 16 20
17 30 17 50
 8 50 10 50
10 10 18  0
 8 40 18  0
14
 9  0 13 10
17 50 18  0
17 50 18  0
13 50 16  0
14 30 17 50
13 20 17 40
16 40 17 50
14 30 16 10
12 30 17 50
12 10 15 30
17  0 18  0
14 50 15 40
15 20 16 40
 8 10 15 50
14
17  0 17 20
12 40 17 40
 8 50  9 40
17 20 17 40
12 50 13 40
16 40 17 10
15 30 16 20
10 50 12 50
14 20 15 50
16 20 16 40
10 20 12 10
 9 50 10 10
 9 40 15 10
10  0 16 50
14
15 40 17 30
10  0 15 40
12 20 13 20
16 30 17 10
10  0 11  0
 8 10  9 10
 9  0 10 40
17 20 17 50
15 20 17 10
10 10 14 30
 9  0 12  0
 9 10 11 40
17 50 18  0
13  0 14  0
14
 9  0 15 30
12 40 13 40
13 40 14  0
12 50 13 20
13 50 16 30
 9 20 12 50
16 30 17 50
11  0 11 20
 8 20 12 20
13 50 15 50
14 10 15  0
12 10 14 20
 8 10 15 20
14  0 14 40
14
 8 40 16 30
14 40 14 50
11 20 12 10
15 50 16 50
10 10 13 40
12  0 12 30
13 40 15 50
13 50 15 10
14 10 17 10
10 10 13 30
 8 20 18  0
16 20 17  0
15 50 16 30
12 10 14 50
14
14 10 18  0
17 50 18  0
15 50 16 10
12 10 12 30
17 40 18  0
17 50 18  0
17 50 18  0
 8  0 15 20
11 20 14 50
11 20 13 50
17 30 18  0
 9 40 12 40
12 40 17 30
12 10 15 50
14
13  0 14 20
17 20 17 50
14 50 17 50
 8 20 17 10
11 50 12 50
10 30 11 50
17 20 17 40
10  0 16  0
 8  0 11 40
11 30 12 50
15  0 15 40
16  0 16 50
 9 10 16 10
15 50 17 40
14
17  0 17 50
 8 40 18  0
14 10 14 30
14 40 17 10
13 50 15 50
12 50 13 40
13  0 16 40
 8  0 17 50
 8 50 14 20
14 30 15 40
16 20 16 30
 9 20 16 50
 8  0 11 30
10 10 15 50
14
 8 10 15 10
11  0 17 30
13 10 15 40
 9 30 17 50
 8 30 12 30
12  0 18  0
15 10 15 50
17 20 17 30
17 10 17 20
16  0 17 20
 9 10 12 40
17 30 18  0
10 10 12 30
10 40 12  0
14
10 20 11 50
 8 50  9 20
15 50 17  0
 8 40 15 50
11 20 14 50
10 30 11 20
13  0 15  0
 9 50 13 20
11 30 14 50
10 30 14 50
10 20 17 20
14 30 15 10
16  0 17 20
14 10 14 20
14
16 50 18  0
17 50 18  0
14 50 17 50
11 40 16 20
15 30 16 50
17 20 18  0
13 40 17 40
11  0 16 20
13  0 16 50
17 10 17 40
 9 20 12  0
10 40 11 40
13 10 13 50
10 30 17 20
14
 8  0 12 40
15  0 17 50
12 50 16  0
 8  0 16 10
 9 30 10 50
17 40 17 50
16 40 17 20
17  0 17 30
15 30 16 20
17 50 18  0
15 20 15 30
14  0 17 40
15 10 16 40
16 40 17 40
14
 8 20 17 20
10 10 13 40
 9  0 14 20
17  0 17 20
16  0 16 50
10  0 12 20
13  0 15 20
12 40 15 10
10 40 11 20
14  0 14 10
 9  0 16 40
 8 40 17 50
10  0 11 20
16 30 16 40
14
 8 10 17 10
17 20 17 50
10 10 12 10
10 40 14 50
 9 30 14 10
13  0 15 50
 9 50 13 30
13 10 15 40
 9 30 14 30
 8 30 14 50
15  0 17 20
11 30 17  0
12 40 15 40
12 10 12 50
14
16 10 18  0
11 50 12 50
13 20 13 30
17  0 18  0
15  0 17  0
17 50 18  0
14 30 15 20
14 20 15 10
 8 30 14 20
 9 40 13 20
10 30 11 30
15 50 17 10
16 40 18  0
16 10 18  0
14
16 50 17 10
15 10 18  0
14  0 14 20
11 10 11 50
14 50 17 20
13 50 16 40
 9 40 12 10
 8  0  9 50
14 40 17 10
16 20 17  0
15 10 16 30
14 50 17 30
 9 20  9 30
12  0 12 50
14
16  0 18  0
 8  0 14  0
13 20 16 10
12  0 17 50
10  0 12 10
14 10 17 30
10  0 14  0
13 40 16 40
10 30 14 50
15 50 17 10
12 40 14 40
10 10 10 20
17 20 18  0
15 10 17  0
